1,1
2,2
3,3
4,4
5,5
6,6
7,7
8,8
9,9
10,10
11,11
12,12
13,13
14,14
15,15
16,16
17,17
18,18
19,19
20,20
21,21
22,22
23,23
24,24
25,25
26,26
27,27
28,28
29,29
30,30
31,31
32,32
33,33
34,34
35,35
36,36
37,37
38,38
39,39
40,40
41,41
42,42
43,43
44,44
45,45
46,46
47,47
48,48
49,49
50,50
51,51
52,52
53,53
54,54
55,55
56,56
57,57
58,58
59,59
60,60
61,61
62,62
63,63
64,64
65,65
66,66
67,67
68,68
69,69
70,70
71,71
72,72
73,73
74,74
75,75
76,76
77,77
78,78
79,79
80,80
81,81
82,82
83,83
84,84
85,85
86,86
87,87
88,88
89,89
90,90
91,91
92,92
93,93
94,94
95,95
96,96
97,97
98,98
99,99
100,100
101,101
102,102
103,103
104,104
105,105
106,106
107,107
108,108
109,109
110,110
111,111
112,112
113,113
114,114
115,115
116,116
117,117
118,118
119,119
120,120
121,121
122,122
123,123
124,124
125,125
126,126
127,127
128,128
129,129
130,130
131,131
132,132
133,133
134,134
135,135
136,136
137,137
138,138
139,139
140,140
141,141
142,142
143,143
144,144
145,145
146,146
147,147
148,148
149,149
150,150
151,151
152,152
153,153
154,154
155,155
156,156
157,157
158,158
159,159
160,160
161,161
162,162
163,163
164,164
165,165
166,166
167,167
168,168
169,169
170,170
171,171
172,172
173,173
174,174
175,175
176,176
177,177
178,178
179,179
180,180
181,181
182,182
183,183
184,184
185,185
186,186
187,187
188,188
189,189
190,190
191,191
192,192
193,193
194,194
195,195
196,196
197,1
198,4
199,5
200,6
201,7
202,8
203,9
204,10
205,11
206,12
207,13
208,14
209,15
210,16
211,17
212,18
213,19
214,20
215,22
216,23
217,24
218,25
219,26
220,27
221,28
222,29
223,30
224,31
225,32
226,33
227,34
228,35
229,36
230,37
231,38
232,39
233,40
234,41
235,42
236,43
237,44
238,47
239,48
240,49
241,50
242,51
243,52
244,55
245,56
246,57
247,58
248,1
249,2
250,4
251,30
252,37
253,40
254,55
255,58
256,59
257,60
258,61
259,62
260,63
261,64
262,65
263,66
264,67
265,68
266,69
267,70
268,71
269,72
270,73
271,74
272,75
273,76
274,77
275,78
276,79
277,80
278,81
279,82
280,83
281,84
282,85
283,87
284,89
285,90
286,91
287,92
288,93
289,94
290,95
291,96
292,99
293,100
294,101
295,102
296,103
297,104
298,106
299,107
300,108
301,109
302,110
303,111
304,112
305,113
306,114
307,115
308,116
309,117
310,118
311,119
312,121
313,122
314,123
315,125
316,126
317,127
318,128
319,130
320,131
321,132
322,133
323,134
324,135
325,140
326,141
327,142
328,146
329,150
330,151
331,152
332,154
333,156
334,158
335,160
336,161
337,166
338,171
339,179
340,180
341,181
342,1
343,4
344,19
345,20
346,31
347,41
348,42
349,49
350,50
351,51
352,56
353,57
354,72
355,74
356,75
357,80
358,93
359,97
360,98
361,105
362,119
363,122
364,123
365,124
366,146
367,1
368,4
369,12
370,19
371,21
372,45
373,46
374,50
375,53
376,54
377,56
378,69
379,70
380,71
381,72
382,75
383,81
384,82
385,97
386,101
387,110
388,116
389,124
390,133
391,156
392,160
393,167
394,171
395,173
396,176
397,1
398,4
399,20
400,21
401,47
402,53
403,54
404,90
405,94
406,96
407,100
408,121
409,156
410,171
411,187
412,188
413,189
414,191
415,192
416,193
417,195
418,196
419,4
420,5
421,7
422,14
423,17
424,18
425,19
426,20
427,30
428,41
429,44
430,47
431,48
432,60
433,66
434,73
435,74
436,83
437,86
438,102
439,103
440,105
441,107
442,125
443,126
444,127
445,142
446,1
447,2
448,3
449,4
450,67
451,73
452,85
453,86
454,87
455,89
456,90
457,91
458,92
459,95
460,96
461,99
462,101
463,116
464,120
465,1
466,2
467,4
468,6
469,15
470,20
471,21
472,26
473,27
474,28
475,32
476,33
477,34
478,35
479,36
480,40
481,42
482,47
483,52
484,53
485,54
486,59
487,60
488,61
489,65
490,66
491,74
492,76
493,78
494,85
495,94
496,99
497,106
498,108
499,114
500,117
501,118
502,129
503,130
504,131
505,148
506,150
507,171
508,172
509,182
510,192
511,4
512,142
513,1
514,4
515,1
516,2
517,3
518,4
519,5
520,7
521,8
522,9
523,16
524,17
525,23
526,24
527,26
528,33
529,37
530,38
531,40
532,50
533,53
534,54
535,57
536,68
537,83
538,96
539,102
540,104
541,105
542,106
543,107
544,109
545,110
546,111
547,115
548,120
549,125
550,126
551,129
552,135
553,140
554,4
555,34
556,1
557,2
558,4
559,6
560,7
561,13
562,16
563,18
564,28
565,32
566,42
567,43
568,45
569,49
570,55
571,58
572,64
573,65
574,73
575,74
576,75
577,79
578,80
579,85
580,86
581,88
582,92
583,113
584,126
585,127
586,155
587,156
588,159
589,177
590,183
591,188
592,189
593,1
594,3
595,4
596,1
597,4
598,5
599,7
600,8
601,9
602,12
603,24
604,29
605,39
606,45
607,47
608,58
609,66
610,85
611,92
612,117
613,118
614,121
615,122
616,125
617,127
618,156
619,160
620,167
621,171
622,181
623,182
624,4
625,53
626,4
627,18
628,1
629,4
630,37
631,102
632,103
633,105
634,109
635,114
636,130
637,131
638,147
639,156
640,173
641,176
642,184
643,189
644,1
645,2
646,19
647,31
648,46
649,57
650,94
651,100
652,118
653,147
654,148
655,154
656,161
657,173
658,176
659,180
660,1
661,2
662,4
663,13
664,38
665,39
666,58
667,70
668,77
669,5
670,41
671,128
672,1
673,4
674,10
675,18
676,98
677,147
678,154
679,156
680,167
681,176
682,180
683,4
684,58
685,82
686,4
687,20
688,1
689,4
690,23
691,25
692,28
693,29
694,48
695,53
696,66
697,72
698,108
699,156
700,170
701,171
702,172
703,183
704,192
705,196
706,1
707,2
708,4
709,4
710,25
711,32
712,36
713,44
714,109
715,120
716,129
717,136
718,137
719,138
720,139
721,4
722,53
723,66
724,152
725,170
726,176
727,4
728,132
729,1
730,2
731,4
732,39
733,43
734,49
735,53
736,57
737,59
738,64
739,78
740,88
741,101
742,110
743,115
744,116
745,120
746,153
747,154
748,156
749,161
750,162
751,176
752,180
753,4
754,1
755,4
756,143
757,144
758,1
759,4
760,1
761,2
762,4
763,30
764,37
765,55
766,66
767,79
768,88
769,96
770,98
771,102
772,103
773,104
774,112
775,135
776,193
777,4
778,23
779,24
780,27
781,28
782,48
783,93
784,103
785,108
786,127
787,152
788,156
789,160
790,165
791,171
792,173
793,174
794,176
795,1
796,2
797,4
798,8
799,11
800,24
801,26
802,29
803,39
804,115
805,121
806,187
807,191
808,4
809,1
810,2
811,4
812,10
813,38
814,41
815,64
816,65
817,128
818,169
819,4
820,1
821,11
822,12
823,23
824,27
825,30
826,34
827,35
828,37
829,55
830,121
831,160
832,165
833,174
834,189
835,1
836,10
837,76
838,81
839,82
840,99
841,100
842,161
843,180
844,4
845,20
846,82
847,87
848,99
849,101
850,119
851,163
852,166
853,167
854,170
855,180
856,4
857,4
858,4
859,39
860,96
861,4
862,105
863,116
864,4
865,4
866,4
867,1
868,58
869,4
870,45
871,46
872,152
873,160
874,165
875,174
876,1
877,2
878,4
879,11
880,26
881,54
882,82
883,84
884,128
885,189
886,4
887,98
888,4
889,4
890,1
891,4
892,1
893,4
894,45
895,89
896,92
897,1
898,4
899,15
900,152
901,160
902,165
903,174
904,4
905,4
906,37
907,95
908,1
909,4
910,64
911,113
912,148
913,158
914,4
915,4
916,30
917,55
918,1
919,2
920,4
921,118
922,4
923,1
924,4
925,148
926,169
927,4
928,4
929,9
930,64
931,4
932,156
933,183
934,1
935,4
936,25
937,50
938,52
939,91
940,146
941,1
942,4
943,76
944,97
945,165
946,166
947,4
948,105
949,4
950,4
951,19
952,4
