source,hr,ro,zh,ca,vi,tr,no,nn,hu,lv,te,hi,lt,ga,th,bn,id,de,fi,ta,bg,ka,sv,fr,hy,sl,sk,uk,da,eu,az,it,sr,ms,ko,fa,ar,he,cs,gl,el,pt,pl,en,ru,et,es,ja,nl,
lo,1179,1385,1707,1383,1642,1365,1436,1144,1304,1203,786,1086,1239,890,1671,1026,1530,1593,1396,1142,1339,1118,1514,1702,1089,1182,1215,1427,1329,1262,1138,1551,1300,1354,1623,1543,1595,1292,1322,1224,1198,1612,1546,1921,1629,1195,1603,1727,1537,
jv,11023,18907,21760,15292,19688,17513,18810,13415,16962,13783,4952,9226,11992,8452,14816,11490,27752,21912,17037,9383,15638,13936,20923,23701,13167,14781,16141,19764,16703,15584,13097,18579,14505,20331,19247,19435,19588,12975,16710,13304,11582,21496,18775,28456,20996,14874,20770,20848,27361,
tl,15708,29674,42883,25972,31882,22420,25535,17725,29143,14806,5056,10975,16395,10050,19068,10812,26163,40696,25389,10192,23303,17292,28981,45245,24112,16213,21449,34994,19698,22397,15287,43651,24297,22418,31485,33379,28354,18197,22060,17478,19336,40613,37035,54707,36555,17208,42524,41311,36521,
ht,8383,6366,12307,23860,6629,6632,7291,5911,7614,5006,2269,4529,5800,5009,5615,4641,5798,14671,7188,3420,7688,5625,8392,16647,5927,6061,6308,12155,6714,7062,6106,19033,22626,6493,8357,20090,23377,6507,7508,5830,5690,25593,20639,11305,9580,5919,28335,8997,24905,
tg,8511,13552,16318,9977,15269,12953,12952,8513,11424,7981,2855,7014,9263,5586,9210,7263,12973,18612,11298,4974,10642,11746,13856,18758,10266,10258,12255,15141,11268,10858,10958,14897,10891,13072,14658,28531,14615,7881,11872,9922,7708,15333,15500,34426,18677,10594,16931,16378,14141,
ny,257,328,381,318,294,324,323,266,294,299,223,248,324,231,280,239,316,381,316,233,227,286,340,369,256,277,282,327,323,303,298,340,306,268,325,360,332,294,259,291,288,341,339,439,340,294,307,360,366,
bs,42378,40587,47986,31238,37512,50193,39499,22769,39291,23363,5491,13948,22802,12062,25718,17468,34617,49955,34640,13280,30589,27176,45488,59264,23543,37885,41666,54679,33276,29804,31538,46012,59054,22175,45424,46852,41813,26257,37581,24858,24915,56725,49707,71442,56042,25566,49957,45856,49831,
uz,18543,57025,73278,59777,59664,32393,21946,14328,63982,13670,4325,10407,13605,8833,14042,13067,30146,67084,19886,8400,23145,19409,44092,77677,29580,19431,51641,75836,21995,46030,24017,80039,63943,55323,24924,43165,40682,12841,22765,17589,12490,90558,86508,71982,72297,17684,76872,34903,88872,
ig,803,892,977,935,890,939,892,799,859,858,655,762,794,749,834,753,912,979,915,779,877,780,951,1021,784,841,831,949,919,856,853,978,903,839,943,978,945,849,884,810,815,1019,958,1164,898,833,995,983,946,
zu,736,947,1023,897,926,972,914,804,832,877,540,718,801,692,868,748,940,983,911,740,893,824,965,1055,801,847,806,937,919,835,810,940,890,806,964,1020,995,770,863,813,828,1040,921,1262,966,813,1001,1041,897,
su,7099,8302,10100,8346,8884,8318,8151,6174,8254,6218,2905,6133,7368,5366,8039,5818,10419,9474,8633,4554,6979,7589,8860,9888,7106,7343,8075,9487,7951,7945,6812,9299,8554,10818,9077,9699,8841,6584,7775,7299,6880,9787,8943,11835,9859,7045,9641,9809,14438,
mg,8835,28579,39761,41598,30420,12561,15821,5981,32550,6252,1920,4376,6597,4057,5989,5273,17429,37560,14671,4036,9772,7152,33233,54345,7898,7318,27773,34356,10292,27324,6332,54348,25663,24878,11969,25739,24821,9050,11865,7088,6360,50295,49767,58240,20128,6326,51454,17145,52267,
st,399,426,457,418,392,416,425,373,403,385,268,329,416,333,365,334,406,466,409,333,402,369,440,481,357,361,383,444,421,394,359,451,423,367,424,443,422,386,420,366,384,454,449,549,459,387,454,450,470,
mk,32065,52415,63387,40944,45896,60243,47915,29524,46063,27230,5730,15644,28967,12743,30257,18260,40461,69249,42927,14369,48033,32124,56815,71901,30132,33314,47383,66648,39933,37008,36056,65022,59277,29603,54018,60354,52582,33482,46496,28358,30767,73163,66033,96509,79189,30158,63718,57028,61519,
ml,11292,16012,23520,18130,19647,18132,17086,11623,16038,12674,8077,14363,12055,7579,14701,13194,19038,22397,18667,16716,15565,12128,21980,24790,11572,13045,13812,19936,15541,14960,12273,21027,14354,12984,19244,22831,21381,14627,16938,11921,12458,22224,20126,40369,22021,12420,23497,22139,19778,
sw,14312,19403,22859,18082,19122,19321,20416,14304,18079,13290,4075,9265,14331,9173,14588,10365,18479,25614,20243,8581,16677,15876,22527,27339,13542,15106,17306,21155,18050,17531,13008,24415,18434,13900,21405,23306,19947,13789,18857,14937,12963,24250,22920,32764,22804,15417,23924,22624,21394,
mi,2261,2349,2635,2566,2873,2384,2506,2448,2444,2313,903,2004,2346,2065,2312,1895,2398,2768,2503,1391,2334,2300,2979,2764,2145,2135,2269,2529,2422,2449,2202,2643,2367,2426,2529,2573,2463,2371,2391,2264,2270,2588,2580,3132,2593,2305,2643,2619,2639,
be,31749,53555,68985,51247,46288,53723,54235,33813,49825,32082,6226,16413,38891,14920,31214,18170,44517,77576,53447,15293,50854,36413,64218,82869,40134,34993,45062,84765,45712,40142,35461,72791,42447,29040,57492,59964,55884,40282,58967,32454,33000,71960,77751,95785,108537,38183,74981,67089,63420,
mn,8080,10643,15566,11441,11222,13365,12731,8049,11695,9206,2979,5574,9092,5008,9264,5913,12077,14883,13539,5751,10518,9036,14011,16604,8426,8249,8978,13883,10988,8959,8091,15022,10047,7843,14120,13698,13307,10135,11859,8299,8602,14357,14982,18891,14224,9002,14816,16023,13228,
is,15843,23988,28578,22600,22336,24973,28950,19249,23694,18090,5472,10685,16906,10612,17845,12065,22960,33372,26563,11367,21185,18210,31792,33565,16579,19416,21892,27261,26207,21902,17158,28753,19955,15976,26997,27437,25750,19475,25384,18453,16555,30589,27351,37489,28533,21337,31757,29240,26678,
mo,271,448,359,319,260,273,303,260,286,274,111,174,343,177,217,153,312,398,328,166,339,287,323,388,195,231,301,358,294,244,213,369,303,222,338,278,264,286,320,233,240,360,391,430,389,272,376,323,385,
mr,13900,19517,25784,19446,20634,20652,22674,14434,20580,15008,7410,16244,15337,9291,16449,14663,21650,26384,22174,15121,17955,16259,24112,27426,14520,16145,17909,22826,19342,17560,14070,24839,17982,16026,22449,24560,23268,15974,20519,15454,14453,25111,23734,38261,23408,16497,26347,24763,22336,
so,2440,2835,3191,3036,2786,2916,2841,2427,2629,2485,1539,2152,2514,1989,2701,2312,2793,3162,2910,2194,2651,2380,3023,3262,2371,2414,2497,2956,2821,2616,2477,3105,2702,2583,3006,3183,3394,2677,2733,2420,2531,3187,3025,4119,3068,2514,3121,3163,3024,
mt,2265,3877,4598,3716,3694,4391,4012,2920,4260,3112,1404,1778,2877,1812,3114,2417,3831,4538,3828,2207,3674,3163,4663,5248,2906,3398,3444,4230,3926,3377,3103,4665,3391,2950,4451,4522,4403,3079,3895,3192,3380,4988,4511,6052,4381,3012,4854,4422,3834,
sq,15211,24444,27055,24137,19508,19904,23490,14957,22374,13719,4377,9278,15003,9259,14430,9949,18250,35019,20769,8746,20302,15043,26365,38335,17354,15880,20398,23097,18842,19661,13789,33676,23789,16527,20075,24299,23068,15836,24537,15397,15555,29488,28203,35693,25798,16279,29602,24579,31605,
ur,18700,45725,68170,40945,51434,48203,47762,26227,38072,21269,7414,18016,22921,10975,25936,22021,40142,62366,34461,15784,31818,26692,60223,80764,26646,26132,36490,50622,31529,39188,25962,64343,38778,34383,56557,93850,74150,25393,35360,21186,20667,74122,63012,157012,67078,25113,80312,56058,58413,
cy,18161,32253,39132,28924,35722,33438,35780,24117,28008,20646,5354,12429,20867,14604,23083,14055,28658,42629,32500,11490,27797,22773,45483,45987,20656,24077,27260,35123,30968,29335,21503,37469,24734,19798,36173,39861,37184,24031,31847,22103,20074,41148,47422,71293,39096,24220,42270,38396,43908,
kk,23233,63353,80772,60284,64289,41838,35780,21317,63469,19696,5731,13287,21549,11462,20568,14362,37378,77150,30268,12488,36367,26597,54100,87633,41375,25530,55412,91826,29284,47126,30963,83880,58855,53537,33765,48239,45264,22465,33119,22013,18824,94267,90008,90180,120543,24404,84471,45849,94186,
my,4470,5718,7666,6175,6689,6141,5784,4434,5633,5008,2896,4477,4854,3379,6164,4693,6442,6586,6111,4727,5607,4762,6678,7567,4644,4960,4966,6348,5730,5203,4714,6166,5389,5154,6831,7103,6884,5281,5742,4430,4864,7062,6458,10253,6756,4717,7063,7278,6237,
km,1460,2231,3440,2387,3145,2263,2284,1445,2106,1797,1020,1849,1667,975,2553,2010,2732,2471,2119,1743,1902,1755,2371,3134,1755,2088,1690,2473,2029,1840,1667,2508,2049,2075,2812,2955,2959,1726,1905,1607,1716,3086,2433,4582,2937,1580,2665,3215,2208,
ha,500,570,659,632,609,594,606,508,598,569,427,493,580,468,564,472,607,646,600,499,534,511,638,680,529,539,529,605,594,587,563,647,577,542,613,665,648,552,561,531,559,651,624,843,634,532,617,653,633,
kn,4563,5779,7606,6432,6394,6078,6199,4818,5674,5024,5292,7161,5130,3644,5672,5946,6816,7595,6534,7170,5620,4786,7125,8206,4662,5045,5037,6668,5837,5327,4648,6952,5317,5386,6595,7151,6855,5553,5956,4757,4705,7336,6757,11239,7272,4947,8010,7354,6705,
si,3362,4829,6690,4852,5317,4881,4546,3333,4307,3820,2441,3984,3516,2415,4756,4301,5464,5399,4823,4843,4279,3673,5443,6335,3597,4080,3661,5164,4740,3798,3341,5188,4341,4206,5478,6212,6020,4020,4362,3507,3653,6157,5274,10345,6051,3492,6031,6310,4772,
pa,7025,8303,10762,9358,8815,8851,9072,6423,8132,6654,4357,9592,7488,4732,7303,7290,8942,10874,9374,7583,7964,7032,9933,11557,6563,6412,6988,9688,8287,7522,6817,10402,8095,6828,9486,10437,10136,8079,8556,6911,7084,10290,10073,16626,10200,7139,11040,10240,9782,
ne,6034,7823,11949,8725,10011,7898,8315,5210,7606,6117,4567,9490,6682,4076,7686,7777,8845,10291,8894,6997,6994,6836,9941,12697,6385,6329,6325,9030,8273,7050,5849,10092,7183,9330,8940,11088,9618,6233,7168,6017,6256,10749,12516,19353,10962,5454,10896,10661,9597,
yo,9996,16970,25678,13142,25249,12893,15311,10386,22031,8878,3145,6779,9353,7131,10477,7635,12663,20813,14036,6253,11420,10776,15089,30736,17972,10387,15774,29061,11941,13593,8752,29536,16357,9204,13786,28175,13698,10391,12742,10484,13408,29301,27675,34099,13581,10405,18738,17527,13986,
gu,2561,3468,5499,4160,4660,3544,4074,2698,3261,3004,3671,5424,2936,1999,3541,4093,4214,4481,4012,4510,3274,2926,4538,5365,2856,2856,2736,3861,3643,3036,2716,4841,3245,3566,3920,4589,4551,2989,3244,2638,2796,4575,4366,7924,5275,2694,5220,4499,4325,
yi,6039,7433,8547,7870,7007,7559,7740,6548,6904,6359,3089,5126,6457,4630,6269,4472,7520,9213,7827,5128,7001,5845,8154,9763,5636,6057,6806,8314,7431,6696,5821,8616,7037,6030,7913,8327,8311,11922,8133,5950,6235,8752,8652,11242,8487,6277,8710,8514,8590,
af,17537,22480,28744,26841,22810,23235,25171,16743,21878,16015,4043,10419,19065,10321,17472,9778,21347,32507,25839,9981,22163,16465,29597,34192,14946,16095,19119,25977,22505,21912,15306,30555,20113,15392,25431,27084,24753,20563,24049,16922,17926,29940,29838,40055,28354,17394,31272,27793,33534,
