source,sourceScore,hr,ro,zh,ca,vi,tr,no,nn,hu,lv,te,hi,lt,ga,th,bn,id,de,fi,ta,bg,ka,sv,fr,hy,sl,sk,uk,da,eu,az,it,sr,ms,ko,fa,ar,he,cs,gl,el,pt,pl,en,ru,et,es,ja,nl,
lo,1,1179.0,1385.0,1707.0,1383.0,1642.0,1365.0,1436.0,1144.0,1304.0,1203.0,786.0,1086.0,1239.0,890.0,1671.0,1026.0,1530.0,1593.0,1396.0,1142.0,1339.0,1118.0,1514.0,1702.0,1089.0,1182.0,1215.0,1427.0,1329.0,1262.0,1138.0,1551.0,1300.0,1354.0,1623.0,1543.0,1595.0,1292.0,1322.0,1224.0,1198.0,1612.0,1546.0,1921.0,1629.0,1195.0,1603.0,1727.0,1537.0,
jv,1,11023.0,18907.0,21760.0,15292.0,19688.0,17513.0,18810.0,13415.0,16962.0,13783.0,4952.0,9226.0,11992.0,8452.0,14816.0,11490.0,27752.0,21912.0,17037.0,9383.0,15638.0,13936.0,20923.0,23701.0,13167.0,14781.0,16141.0,19764.0,16703.0,15584.0,13097.0,18579.0,14505.0,20331.0,19247.0,19435.0,19588.0,12975.0,16710.0,13304.0,11582.0,21496.0,18775.0,28456.0,20996.0,14874.0,20770.0,20848.0,27361.0,
tl,1,15708.0,29674.0,42883.0,25972.0,31882.0,22420.0,25535.0,17725.0,29143.0,14806.0,5056.0,10975.0,16395.0,10050.0,19068.0,10812.0,26163.0,40696.0,25389.0,10192.0,23303.0,17292.0,28981.0,45245.0,24112.0,16213.0,21449.0,34994.0,19698.0,22397.0,15287.0,43651.0,24297.0,22418.0,31485.0,33379.0,28354.0,18197.0,22060.0,17478.0,19336.0,40613.0,37035.0,54707.0,36555.0,17208.0,42524.0,41311.0,36521.0,
ht,1,8383.0,6366.0,12307.0,23860.0,6629.0,6632.0,7291.0,5911.0,7614.0,5006.0,2269.0,4529.0,5800.0,5009.0,5615.0,4641.0,5798.0,14671.0,7188.0,3420.0,7688.0,5625.0,8392.0,16647.0,5927.0,6061.0,6308.0,12155.0,6714.0,7062.0,6106.0,19033.0,22626.0,6493.0,8357.0,20090.0,23377.0,6507.0,7508.0,5830.0,5690.0,25593.0,20639.0,11305.0,9580.0,5919.0,28335.0,8997.0,24905.0,
tg,1,8511.0,13552.0,16318.0,9977.0,15269.0,12953.0,12952.0,8513.0,11424.0,7981.0,2855.0,7014.0,9263.0,5586.0,9210.0,7263.0,12973.0,18612.0,11298.0,4974.0,10642.0,11746.0,13856.0,18758.0,10266.0,10258.0,12255.0,15141.0,11268.0,10858.0,10958.0,14897.0,10891.0,13072.0,14658.0,28531.0,14615.0,7881.0,11872.0,9922.0,7708.0,15333.0,15500.0,34426.0,18677.0,10594.0,16931.0,16378.0,14141.0,
ny,1,257.0,328.0,381.0,318.0,294.0,324.0,323.0,266.0,294.0,299.0,223.0,248.0,324.0,231.0,280.0,239.0,316.0,381.0,316.0,233.0,227.0,286.0,340.0,369.0,256.0,277.0,282.0,327.0,323.0,303.0,298.0,340.0,306.0,268.0,325.0,360.0,332.0,294.0,259.0,291.0,288.0,341.0,339.0,439.0,340.0,294.0,307.0,360.0,366.0,
bs,1,42378.0,40587.0,47986.0,31238.0,37512.0,50193.0,39499.0,22769.0,39291.0,23363.0,5491.0,13948.0,22802.0,12062.0,25718.0,17468.0,34617.0,49955.0,34640.0,13280.0,30589.0,27176.0,45488.0,59264.0,23543.0,37885.0,41666.0,54679.0,33276.0,29804.0,31538.0,46012.0,59054.0,22175.0,45424.0,46852.0,41813.0,26257.0,37581.0,24858.0,24915.0,56725.0,49707.0,71442.0,56042.0,25566.0,49957.0,45856.0,49831.0,
uz,1,18543.0,57025.0,73278.0,59777.0,59664.0,32393.0,21946.0,14328.0,63982.0,13670.0,4325.0,10407.0,13605.0,8833.0,14042.0,13067.0,30146.0,67084.0,19886.0,8400.0,23145.0,19409.0,44092.0,77677.0,29580.0,19431.0,51641.0,75836.0,21995.0,46030.0,24017.0,80039.0,63943.0,55323.0,24924.0,43165.0,40682.0,12841.0,22765.0,17589.0,12490.0,90558.0,86508.0,71982.0,72297.0,17684.0,76872.0,34903.0,88872.0,
ig,1,803.0,892.0,977.0,935.0,890.0,939.0,892.0,799.0,859.0,858.0,655.0,762.0,794.0,749.0,834.0,753.0,912.0,979.0,915.0,779.0,877.0,780.0,951.0,1021.0,784.0,841.0,831.0,949.0,919.0,856.0,853.0,978.0,903.0,839.0,943.0,978.0,945.0,849.0,884.0,810.0,815.0,1019.0,958.0,1164.0,898.0,833.0,995.0,983.0,946.0,
zu,1,736.0,947.0,1023.0,897.0,926.0,972.0,914.0,804.0,832.0,877.0,540.0,718.0,801.0,692.0,868.0,748.0,940.0,983.0,911.0,740.0,893.0,824.0,965.0,1055.0,801.0,847.0,806.0,937.0,919.0,835.0,810.0,940.0,890.0,806.0,964.0,1020.0,995.0,770.0,863.0,813.0,828.0,1040.0,921.0,1262.0,966.0,813.0,1001.0,1041.0,897.0,
su,1,7099.0,8302.0,10100.0,8346.0,8884.0,8318.0,8151.0,6174.0,8254.0,6218.0,2905.0,6133.0,7368.0,5366.0,8039.0,5818.0,10419.0,9474.0,8633.0,4554.0,6979.0,7589.0,8860.0,9888.0,7106.0,7343.0,8075.0,9487.0,7951.0,7945.0,6812.0,9299.0,8554.0,10818.0,9077.0,9699.0,8841.0,6584.0,7775.0,7299.0,6880.0,9787.0,8943.0,11835.0,9859.0,7045.0,9641.0,9809.0,14438.0,
mg,1,8835.0,28579.0,39761.0,41598.0,30420.0,12561.0,15821.0,5981.0,32550.0,6252.0,1920.0,4376.0,6597.0,4057.0,5989.0,5273.0,17429.0,37560.0,14671.0,4036.0,9772.0,7152.0,33233.0,54345.0,7898.0,7318.0,27773.0,34356.0,10292.0,27324.0,6332.0,54348.0,25663.0,24878.0,11969.0,25739.0,24821.0,9050.0,11865.0,7088.0,6360.0,50295.0,49767.0,58240.0,20128.0,6326.0,51454.0,17145.0,52267.0,
st,1,399.0,426.0,457.0,418.0,392.0,416.0,425.0,373.0,403.0,385.0,268.0,329.0,416.0,333.0,365.0,334.0,406.0,466.0,409.0,333.0,402.0,369.0,440.0,481.0,357.0,361.0,383.0,444.0,421.0,394.0,359.0,451.0,423.0,367.0,424.0,443.0,422.0,386.0,420.0,366.0,384.0,454.0,449.0,549.0,459.0,387.0,454.0,450.0,470.0,
mk,1,32065.0,52415.0,63387.0,40944.0,45896.0,60243.0,47915.0,29524.0,46063.0,27230.0,5730.0,15644.0,28967.0,12743.0,30257.0,18260.0,40461.0,69249.0,42927.0,14369.0,48033.0,32124.0,56815.0,71901.0,30132.0,33314.0,47383.0,66648.0,39933.0,37008.0,36056.0,65022.0,59277.0,29603.0,54018.0,60354.0,52582.0,33482.0,46496.0,28358.0,30767.0,73163.0,66033.0,96509.0,79189.0,30158.0,63718.0,57028.0,61519.0,
ml,1,11292.0,16012.0,23520.0,18130.0,19647.0,18132.0,17086.0,11623.0,16038.0,12674.0,8077.0,14363.0,12055.0,7579.0,14701.0,13194.0,19038.0,22397.0,18667.0,16716.0,15565.0,12128.0,21980.0,24790.0,11572.0,13045.0,13812.0,19936.0,15541.0,14960.0,12273.0,21027.0,14354.0,12984.0,19244.0,22831.0,21381.0,14627.0,16938.0,11921.0,12458.0,22224.0,20126.0,40369.0,22021.0,12420.0,23497.0,22139.0,19778.0,
sw,1,14312.0,19403.0,22859.0,18082.0,19122.0,19321.0,20416.0,14304.0,18079.0,13290.0,4075.0,9265.0,14331.0,9173.0,14588.0,10365.0,18479.0,25614.0,20243.0,8581.0,16677.0,15876.0,22527.0,27339.0,13542.0,15106.0,17306.0,21155.0,18050.0,17531.0,13008.0,24415.0,18434.0,13900.0,21405.0,23306.0,19947.0,13789.0,18857.0,14937.0,12963.0,24250.0,22920.0,32764.0,22804.0,15417.0,23924.0,22624.0,21394.0,
mi,1,2261.0,2349.0,2635.0,2566.0,2873.0,2384.0,2506.0,2448.0,2444.0,2313.0,903.0,2004.0,2346.0,2065.0,2312.0,1895.0,2398.0,2768.0,2503.0,1391.0,2334.0,2300.0,2979.0,2764.0,2145.0,2135.0,2269.0,2529.0,2422.0,2449.0,2202.0,2643.0,2367.0,2426.0,2529.0,2573.0,2463.0,2371.0,2391.0,2264.0,2270.0,2588.0,2580.0,3132.0,2593.0,2305.0,2643.0,2619.0,2639.0,
be,1,31749.0,53555.0,68985.0,51247.0,46288.0,53723.0,54235.0,33813.0,49825.0,32082.0,6226.0,16413.0,38891.0,14920.0,31214.0,18170.0,44517.0,77576.0,53447.0,15293.0,50854.0,36413.0,64218.0,82869.0,40134.0,34993.0,45062.0,84765.0,45712.0,40142.0,35461.0,72791.0,42447.0,29040.0,57492.0,59964.0,55884.0,40282.0,58967.0,32454.0,33000.0,71960.0,77751.0,95785.0,108537.0,38183.0,74981.0,67089.0,63420.0,
mn,1,8080.0,10643.0,15566.0,11441.0,11222.0,13365.0,12731.0,8049.0,11695.0,9206.0,2979.0,5574.0,9092.0,5008.0,9264.0,5913.0,12077.0,14883.0,13539.0,5751.0,10518.0,9036.0,14011.0,16604.0,8426.0,8249.0,8978.0,13883.0,10988.0,8959.0,8091.0,15022.0,10047.0,7843.0,14120.0,13698.0,13307.0,10135.0,11859.0,8299.0,8602.0,14357.0,14982.0,18891.0,14224.0,9002.0,14816.0,16023.0,13228.0,
is,1,15843.0,23988.0,28578.0,22600.0,22336.0,24973.0,28950.0,19249.0,23694.0,18090.0,5472.0,10685.0,16906.0,10612.0,17845.0,12065.0,22960.0,33372.0,26563.0,11367.0,21185.0,18210.0,31792.0,33565.0,16579.0,19416.0,21892.0,27261.0,26207.0,21902.0,17158.0,28753.0,19955.0,15976.0,26997.0,27437.0,25750.0,19475.0,25384.0,18453.0,16555.0,30589.0,27351.0,37489.0,28533.0,21337.0,31757.0,29240.0,26678.0,
mo,1,271.0,448.0,359.0,319.0,260.0,273.0,303.0,260.0,286.0,274.0,111.0,174.0,343.0,177.0,217.0,153.0,312.0,398.0,328.0,166.0,339.0,287.0,323.0,388.0,195.0,231.0,301.0,358.0,294.0,244.0,213.0,369.0,303.0,222.0,338.0,278.0,264.0,286.0,320.0,233.0,240.0,360.0,391.0,430.0,389.0,272.0,376.0,323.0,385.0,
mr,1,13900.0,19517.0,25784.0,19446.0,20634.0,20652.0,22674.0,14434.0,20580.0,15008.0,7410.0,16244.0,15337.0,9291.0,16449.0,14663.0,21650.0,26384.0,22174.0,15121.0,17955.0,16259.0,24112.0,27426.0,14520.0,16145.0,17909.0,22826.0,19342.0,17560.0,14070.0,24839.0,17982.0,16026.0,22449.0,24560.0,23268.0,15974.0,20519.0,15454.0,14453.0,25111.0,23734.0,38261.0,23408.0,16497.0,26347.0,24763.0,22336.0,
so,1,2440.0,2835.0,3191.0,3036.0,2786.0,2916.0,2841.0,2427.0,2629.0,2485.0,1539.0,2152.0,2514.0,1989.0,2701.0,2312.0,2793.0,3162.0,2910.0,2194.0,2651.0,2380.0,3023.0,3262.0,2371.0,2414.0,2497.0,2956.0,2821.0,2616.0,2477.0,3105.0,2702.0,2583.0,3006.0,3183.0,3394.0,2677.0,2733.0,2420.0,2531.0,3187.0,3025.0,4119.0,3068.0,2514.0,3121.0,3163.0,3024.0,
mt,1,2265.0,3877.0,4598.0,3716.0,3694.0,4391.0,4012.0,2920.0,4260.0,3112.0,1404.0,1778.0,2877.0,1812.0,3114.0,2417.0,3831.0,4538.0,3828.0,2207.0,3674.0,3163.0,4663.0,5248.0,2906.0,3398.0,3444.0,4230.0,3926.0,3377.0,3103.0,4665.0,3391.0,2950.0,4451.0,4522.0,4403.0,3079.0,3895.0,3192.0,3380.0,4988.0,4511.0,6052.0,4381.0,3012.0,4854.0,4422.0,3834.0,
sq,1,15211.0,24444.0,27055.0,24137.0,19508.0,19904.0,23490.0,14957.0,22374.0,13719.0,4377.0,9278.0,15003.0,9259.0,14430.0,9949.0,18250.0,35019.0,20769.0,8746.0,20302.0,15043.0,26365.0,38335.0,17354.0,15880.0,20398.0,23097.0,18842.0,19661.0,13789.0,33676.0,23789.0,16527.0,20075.0,24299.0,23068.0,15836.0,24537.0,15397.0,15555.0,29488.0,28203.0,35693.0,25798.0,16279.0,29602.0,24579.0,31605.0,
ur,1,18700.0,45725.0,68170.0,40945.0,51434.0,48203.0,47762.0,26227.0,38072.0,21269.0,7414.0,18016.0,22921.0,10975.0,25936.0,22021.0,40142.0,62366.0,34461.0,15784.0,31818.0,26692.0,60223.0,80764.0,26646.0,26132.0,36490.0,50622.0,31529.0,39188.0,25962.0,64343.0,38778.0,34383.0,56557.0,93850.0,74150.0,25393.0,35360.0,21186.0,20667.0,74122.0,63012.0,157012.0,67078.0,25113.0,80312.0,56058.0,58413.0,
cy,1,18161.0,32253.0,39132.0,28924.0,35722.0,33438.0,35780.0,24117.0,28008.0,20646.0,5354.0,12429.0,20867.0,14604.0,23083.0,14055.0,28658.0,42629.0,32500.0,11490.0,27797.0,22773.0,45483.0,45987.0,20656.0,24077.0,27260.0,35123.0,30968.0,29335.0,21503.0,37469.0,24734.0,19798.0,36173.0,39861.0,37184.0,24031.0,31847.0,22103.0,20074.0,41148.0,47422.0,71293.0,39096.0,24220.0,42270.0,38396.0,43908.0,
kk,1,23233.0,63353.0,80772.0,60284.0,64289.0,41838.0,35780.0,21317.0,63469.0,19696.0,5731.0,13287.0,21549.0,11462.0,20568.0,14362.0,37378.0,77150.0,30268.0,12488.0,36367.0,26597.0,54100.0,87633.0,41375.0,25530.0,55412.0,91826.0,29284.0,47126.0,30963.0,83880.0,58855.0,53537.0,33765.0,48239.0,45264.0,22465.0,33119.0,22013.0,18824.0,94267.0,90008.0,90180.0,120543.0,24404.0,84471.0,45849.0,94186.0,
my,1,4470.0,5718.0,7666.0,6175.0,6689.0,6141.0,5784.0,4434.0,5633.0,5008.0,2896.0,4477.0,4854.0,3379.0,6164.0,4693.0,6442.0,6586.0,6111.0,4727.0,5607.0,4762.0,6678.0,7567.0,4644.0,4960.0,4966.0,6348.0,5730.0,5203.0,4714.0,6166.0,5389.0,5154.0,6831.0,7103.0,6884.0,5281.0,5742.0,4430.0,4864.0,7062.0,6458.0,10253.0,6756.0,4717.0,7063.0,7278.0,6237.0,
km,1,1460.0,2231.0,3440.0,2387.0,3145.0,2263.0,2284.0,1445.0,2106.0,1797.0,1020.0,1849.0,1667.0,975.0,2553.0,2010.0,2732.0,2471.0,2119.0,1743.0,1902.0,1755.0,2371.0,3134.0,1755.0,2088.0,1690.0,2473.0,2029.0,1840.0,1667.0,2508.0,2049.0,2075.0,2812.0,2955.0,2959.0,1726.0,1905.0,1607.0,1716.0,3086.0,2433.0,4582.0,2937.0,1580.0,2665.0,3215.0,2208.0,
ha,1,500.0,570.0,659.0,632.0,609.0,594.0,606.0,508.0,598.0,569.0,427.0,493.0,580.0,468.0,564.0,472.0,607.0,646.0,600.0,499.0,534.0,511.0,638.0,680.0,529.0,539.0,529.0,605.0,594.0,587.0,563.0,647.0,577.0,542.0,613.0,665.0,648.0,552.0,561.0,531.0,559.0,651.0,624.0,843.0,634.0,532.0,617.0,653.0,633.0,
kn,1,4563.0,5779.0,7606.0,6432.0,6394.0,6078.0,6199.0,4818.0,5674.0,5024.0,5292.0,7161.0,5130.0,3644.0,5672.0,5946.0,6816.0,7595.0,6534.0,7170.0,5620.0,4786.0,7125.0,8206.0,4662.0,5045.0,5037.0,6668.0,5837.0,5327.0,4648.0,6952.0,5317.0,5386.0,6595.0,7151.0,6855.0,5553.0,5956.0,4757.0,4705.0,7336.0,6757.0,11239.0,7272.0,4947.0,8010.0,7354.0,6705.0,
si,1,3362.0,4829.0,6690.0,4852.0,5317.0,4881.0,4546.0,3333.0,4307.0,3820.0,2441.0,3984.0,3516.0,2415.0,4756.0,4301.0,5464.0,5399.0,4823.0,4843.0,4279.0,3673.0,5443.0,6335.0,3597.0,4080.0,3661.0,5164.0,4740.0,3798.0,3341.0,5188.0,4341.0,4206.0,5478.0,6212.0,6020.0,4020.0,4362.0,3507.0,3653.0,6157.0,5274.0,10345.0,6051.0,3492.0,6031.0,6310.0,4772.0,
pa,1,7025.0,8303.0,10762.0,9358.0,8815.0,8851.0,9072.0,6423.0,8132.0,6654.0,4357.0,9592.0,7488.0,4732.0,7303.0,7290.0,8942.0,10874.0,9374.0,7583.0,7964.0,7032.0,9933.0,11557.0,6563.0,6412.0,6988.0,9688.0,8287.0,7522.0,6817.0,10402.0,8095.0,6828.0,9486.0,10437.0,10136.0,8079.0,8556.0,6911.0,7084.0,10290.0,10073.0,16626.0,10200.0,7139.0,11040.0,10240.0,9782.0,
ne,1,6034.0,7823.0,11949.0,8725.0,10011.0,7898.0,8315.0,5210.0,7606.0,6117.0,4567.0,9490.0,6682.0,4076.0,7686.0,7777.0,8845.0,10291.0,8894.0,6997.0,6994.0,6836.0,9941.0,12697.0,6385.0,6329.0,6325.0,9030.0,8273.0,7050.0,5849.0,10092.0,7183.0,9330.0,8940.0,11088.0,9618.0,6233.0,7168.0,6017.0,6256.0,10749.0,12516.0,19353.0,10962.0,5454.0,10896.0,10661.0,9597.0,
yo,1,9996.0,16970.0,25678.0,13142.0,25249.0,12893.0,15311.0,10386.0,22031.0,8878.0,3145.0,6779.0,9353.0,7131.0,10477.0,7635.0,12663.0,20813.0,14036.0,6253.0,11420.0,10776.0,15089.0,30736.0,17972.0,10387.0,15774.0,29061.0,11941.0,13593.0,8752.0,29536.0,16357.0,9204.0,13786.0,28175.0,13698.0,10391.0,12742.0,10484.0,13408.0,29301.0,27675.0,34099.0,13581.0,10405.0,18738.0,17527.0,13986.0,
gu,1,2561.0,3468.0,5499.0,4160.0,4660.0,3544.0,4074.0,2698.0,3261.0,3004.0,3671.0,5424.0,2936.0,1999.0,3541.0,4093.0,4214.0,4481.0,4012.0,4510.0,3274.0,2926.0,4538.0,5365.0,2856.0,2856.0,2736.0,3861.0,3643.0,3036.0,2716.0,4841.0,3245.0,3566.0,3920.0,4589.0,4551.0,2989.0,3244.0,2638.0,2796.0,4575.0,4366.0,7924.0,5275.0,2694.0,5220.0,4499.0,4325.0,
yi,1,6039.0,7433.0,8547.0,7870.0,7007.0,7559.0,7740.0,6548.0,6904.0,6359.0,3089.0,5126.0,6457.0,4630.0,6269.0,4472.0,7520.0,9213.0,7827.0,5128.0,7001.0,5845.0,8154.0,9763.0,5636.0,6057.0,6806.0,8314.0,7431.0,6696.0,5821.0,8616.0,7037.0,6030.0,7913.0,8327.0,8311.0,11922.0,8133.0,5950.0,6235.0,8752.0,8652.0,11242.0,8487.0,6277.0,8710.0,8514.0,8590.0,
af,1,17537.0,22480.0,28744.0,26841.0,22810.0,23235.0,25171.0,16743.0,21878.0,16015.0,4043.0,10419.0,19065.0,10321.0,17472.0,9778.0,21347.0,32507.0,25839.0,9981.0,22163.0,16465.0,29597.0,34192.0,14946.0,16095.0,19119.0,25977.0,22505.0,21912.0,15306.0,30555.0,20113.0,15392.0,25431.0,27084.0,24753.0,20563.0,24049.0,16922.0,17926.0,29940.0,29838.0,40055.0,28354.0,17394.0,31272.0,27793.0,33534.0,
